01001000
01100101
01101100
01101100
01101111
00100000
01010111
01101111
01110010
01101100
01100100
00100001
00100000
01010100
01101000
01101001
01110011
00100000
01101001
01110011
00100000
01100001
00100000
01110100
01100101
01110011
01110100
00100000
01100110
01101001
01101100
01100101
00100000
01110100
01101000
01100001
01110100
00100000
01100011
01101111
01101110
01110100
01100001
01101001
01101110
01110011
00100000
01110011
01101111
01101101
01100101
00100000
01110100
01100101
01111000
01110100
00101110
00100000
01001001
01110100
00100000
01100011
01100001
01101110
00100000
01100010
01100101
00100000
01110101
01110011
01100101
01100100
00100000
01100010
01111001
00100000
01110010
01100001
01101101
01011111
01100011
01101111
01101110
01110110
01100101
01110010
01110100
00101110
01110000
01111001
00100000
01110100
01101111
00100000
01110100
01110101
01110010
01101110
00100000
01101001
01110100
00100000
01101001
01101110
01110100
01101111
00100000
01110010
01100001
01101101
00100000
01100011
01101111
01101110
01110100
01100101
01101110
01110100
01110011
00100001
00100000
01001110
01100101
01100001
01110100
00100001
00100001
00100000
